-98.92080557829492 69.8761711883283 -1
52.647557896082134 13.785267536681161 1
41.69657411155936 60.01901630453804 1
-86.69158928322827 57.480143172437636 -1
16.033771349873206 -96.48292288040807 1
-46.957345531666576 45.7315853199533 -1
-54.26565978717108 11.584357882550435 -1
26.464634913670267 -71.22560500046775 1
38.77445130357657 -30.897372237749224 1
97.31256463788972 35.714347813741 1
-96.4444286720294 -26.582493733666254 -1
41.359561192699175 -76.23511281421239 1
24.360347815239678 -13.78902357575555 1
94.60331721645946 70.07033567987634 1
59.81425783472801 71.05837771952571 1
-43.761558934885244 -10.563356420048706 -1
-94.46932953508289 -28.190564781749146 -1
23.667879702421573 -61.15192587393248 1
23.07700653555817 -98.91870985009594 1
-32.00541542300266 -38.53014224261844 -1
96.70326653400954 76.22250883129743 1
8.235612326730845 -70.78352287687342 1
23.174762749669824 86.07720144833223 1
-80.36945038560228 29.10230866178901 -1
-36.40279178466257 24.122284375271533 -1
-84.76391231972863 75.50419602346159 -1
-95.07555749926813 87.5497815819705 -1
48.938683917790996 58.06468050850273 1
86.57170475023736 5.405685422914615 1
-85.72952169077566 -21.925757144469443 -1
99.85717445526475 5.443467941415065 1
49.5377903032055 2.9530855259382207 1
-64.84392389188696 -93.52808572471653 -1
-69.25908935018323 54.268511930749696 -1
-33.443594625989206 -50.642609404215875 -1
14.188941482467925 9.181285514610664 1
-85.48238868246992 -6.322161149292427 -1
79.23567996195052 43.908286420767666 1
34.62937754915717 68.9145645384774 1
42.72048543162637 0.584170875489491 1
-90.06565424938431 56.36354932011514 -1
-44.79746311471968 39.92200511766711 -1
7.573563286179819 -92.81554612918113 1
14.252791569233821 29.40861318350329 1
-23.788762443734868 -86.2550330619966 -1
-30.224890312363442 55.01533738504335 -1
99.6057664488822 79.16144677553257 1
-2.6035722567880413 -54.02179759776382 -1
-30.74971680777925 -8.18934689204589 -1
82.20209290436912 -31.122475889003482 1
-33.94829998405146 -89.52945536205085 -1
-29.18560457425086 -77.58837380712475 -1
61.83700234866819 76.5150262398952 1
53.88526720131142 85.38018899144376 1
95.6280794239687 -33.6850054578788 1
5.81560811246311 -38.042544185472906 1
86.18534443193187 13.18869599436168 1
-3.807246106470515 29.198182418903997 -1
-63.6210787986431 -10.723025210101866 -1
-98.71413942234109 33.64541263801294 -1
-64.24925176433445 92.9621952142866 -1
-36.946069119471446 34.901604476971556 -1
-16.559447319715474 38.06075180436534 -1
-15.519791317520102 -8.154778162860538 -1
-48.48435986180941 82.0654553403894 -1
8.193119766905482 -61.45374588119148 1
80.68615262320736 75.42555171077979 1
-76.3345500932801 52.94950498400354 -1
-14.224568577764131 67.17030013666744 -1
80.44265133884204 -17.853831528688062 1
40.435195618990775 62.23322696695655 1
-47.45109295974379 52.57851584115036 -1
-18.403528201919286 14.02572670111843 -1
8.582764427607742 -72.94912218033281 1
26.11195301753139 98.72486264073152 1
33.20378575934896 -56.00115510239003 1
43.072106031923596 -26.770813259846292 1
-33.309433031036065 20.99546485905701 -1
3.2923818443480286 -63.468802724416015 1
77.99085426953107 72.31257184761009 1
44.86674791597781 50.91546026872089 1
18.842420377646235 -4.64217706168624 1
-10.17075365536455 -90.35216374554895 -1
-76.75466627816805 74.94712547379908 -1
-84.67521639518651 6.267153112657553 -1
47.459475843656065 -44.27791332267497 1
-47.28764217441832 62.84955878901948 -1
-12.061901967315961 -89.37551007114143 -1
-35.7494637010773 1.6186658526277142 -1
-33.912884846137885 -35.244158307571595 -1
-80.50591531735505 -27.307399806996017 -1
51.302517727626054 2.1791774406804194 1
84.0801230564168 -36.38856271067314 1
-54.416270051558094 64.50567107679882 -1
46.48081035904616 -1.7662447006723454 1
21.449549588478916 80.06228227400644 1
-7.640305238345462 33.13924046431478 -1
-5.433653058907822 -66.7271438243099 -1
-83.57467405455114 11.900676828583471 -1
44.18011417655322 -76.93960714171646 1
